#beginning
50.352473,-4.161624,
#points
50.343769,-4.161624;
50.343769,-4.158571555555556;
50.343769,-4.155519111111111;
50.343769,-4.152466666666666;
50.343769,-4.149414222222222;
50.343769,-4.146361777777778;
50.343769,-4.143309333333334;
50.343769,-4.140256888888889;
50.343769,-4.1372044444444445;
50.343769,-4.134152;
50.34473611111111,-4.161624;
50.34473611111111,-4.158571555555556;
50.34473611111111,-4.155519111111111;
50.34473611111111,-4.152466666666666;
50.34473611111111,-4.149414222222222;
50.34473611111111,-4.146361777777778;
50.34473611111111,-4.143309333333334;
50.34473611111111,-4.140256888888889;
50.34473611111111,-4.1372044444444445;
50.34473611111111,-4.134152;
50.34570322222223,-4.161624;
50.34570322222223,-4.158571555555556;
50.34570322222223,-4.155519111111111;
50.34570322222223,-4.152466666666666;
50.34570322222223,-4.149414222222222;
50.34570322222223,-4.146361777777778;
50.34570322222223,-4.143309333333334;
50.34570322222223,-4.140256888888889;
50.34570322222223,-4.1372044444444445;
50.34570322222223,-4.134152;
50.346670333333336,-4.161624;
50.346670333333336,-4.158571555555556;
50.346670333333336,-4.155519111111111;
50.346670333333336,-4.152466666666666;
50.346670333333336,-4.149414222222222;
50.346670333333336,-4.146361777777778;
50.346670333333336,-4.143309333333334;
50.346670333333336,-4.140256888888889;
50.346670333333336,-4.1372044444444445;
50.346670333333336,-4.134152;
50.347637444444445,-4.161624;
50.347637444444445,-4.158571555555556;
50.347637444444445,-4.155519111111111;
50.347637444444445,-4.152466666666666;
50.347637444444445,-4.149414222222222;
50.347637444444445,-4.146361777777778;
50.347637444444445,-4.143309333333334;
50.347637444444445,-4.140256888888889;
50.347637444444445,-4.1372044444444445;
50.347637444444445,-4.134152;
50.34860455555556,-4.161624;
50.34860455555556,-4.158571555555556;
50.34860455555556,-4.155519111111111;
50.34860455555556,-4.152466666666666;
50.34860455555556,-4.149414222222222;
50.34860455555556,-4.146361777777778;
50.34860455555556,-4.143309333333334;
50.34860455555556,-4.140256888888889;
50.34860455555556,-4.1372044444444445;
50.34860455555556,-4.134152;
50.34957166666667,-4.161624;
50.34957166666667,-4.158571555555556;
50.34957166666667,-4.155519111111111;
50.34957166666667,-4.152466666666666;
50.34957166666667,-4.149414222222222;
50.34957166666667,-4.146361777777778;
50.34957166666667,-4.143309333333334;
50.34957166666667,-4.140256888888889;
50.34957166666667,-4.1372044444444445;
50.34957166666667,-4.134152;
50.35053877777778,-4.161624;
50.35053877777778,-4.158571555555556;
50.35053877777778,-4.155519111111111;
50.35053877777778,-4.152466666666666;
50.35053877777778,-4.149414222222222;
50.35053877777778,-4.146361777777778;
50.35053877777778,-4.143309333333334;
50.35053877777778,-4.140256888888889;
50.35053877777778,-4.1372044444444445;
50.35053877777778,-4.134152;
50.351505888888894,-4.161624;
50.351505888888894,-4.158571555555556;
50.351505888888894,-4.155519111111111;
50.351505888888894,-4.152466666666666;
50.351505888888894,-4.149414222222222;
50.351505888888894,-4.146361777777778;
50.351505888888894,-4.143309333333334;
50.351505888888894,-4.140256888888889;
50.351505888888894,-4.1372044444444445;
50.351505888888894,-4.134152;
50.352473,-4.161624;
50.352473,-4.158571555555556;
50.352473,-4.155519111111111;
50.352473,-4.152466666666666;
50.352473,-4.149414222222222;
50.352473,-4.146361777777778;
50.352473,-4.143309333333334;
50.352473,-4.140256888888889;
50.352473,-4.1372044444444445;
50.352473,-4.134152;
